[gd_scene load_steps=6 format=2]

[ext_resource path="res://Scenarios/Scenario.tscn" type="PackedScene" id=1]
[ext_resource path="res://SpaceObjects/Planets/Planet.tscn" type="PackedScene" id=2]
[ext_resource path="res://SpaceObjects/Stars/Star.tscn" type="PackedScene" id=3]
[ext_resource path="res://SpaceObjects/Satellites/Satellite.tscn" type="PackedScene" id=4]
[ext_resource path="res://SpaceObjects/ExtraDimensionalRift/ExtraDimensionalRift.tscn" type="PackedScene" id=5]

[node name="Scenario" instance=ExtResource( 1 )]
rift_scene = ExtResource( 5 )

[node name="Soybek" parent="." index="0" instance=ExtResource( 3 )]
transform = Transform( -0.695932, 0, -0.718107, 0, 1, 0, 0.718107, 0, -0.695932, -10, 0, 10 )

[node name="Soybek2" parent="." index="1" instance=ExtResource( 3 )]
transform = Transform( -0.695932, 0, -0.718107, 0, 1, 0, 0.718107, 0, -0.695932, -10, 0, -10 )
direction = Vector3( 2, 0, 2 )

[node name="Soybek3" parent="." index="2" instance=ExtResource( 3 )]
transform = Transform( -0.695932, 0, -0.718107, 0, 1, 0, 0.718107, 0, -0.695932, 10, 0, -10 )

[node name="Soybek4" parent="." index="3" instance=ExtResource( 3 )]
transform = Transform( -0.695932, 0, -0.718107, 0, 1, 0, 0.718107, 0, -0.695932, 10, 0, 10 )

[node name="Exputnix" parent="." index="4" instance=ExtResource( 4 )]
transform = Transform( -0.0695933, 0, -0.0718106, 0, 0.1, 0, 0.0718106, 0, -0.0695933, -8.42779, -9.30742, -16.2108 )
solar_mass = 0.01

[node name="Yue" parent="." index="5" instance=ExtResource( 2 )]
transform = Transform( -0.0347967, 0, -0.0359053, 0, 0.05, 0, 0.0359053, 0, -0.0347967, -8.2934, 2.39483, 4.50733 )
solar_mass = 0.001

[node name="Maximus" parent="." index="6" instance=ExtResource( 2 )]
transform = Transform( 0.1, 0, 0, 0, 0.1, 0, 0, 0, 0.1, -0.567221, 0.577418, -0.841672 )
solar_mass = 0.005
